0.000 1020.891 1154.985 352.124
0.000 2177.952 2245.736 632.312
0.000 3319.643 3338.996 925.362
0.000 4442.329 4467.167 1202.504
4336.454 4537.794 1237.752
4261.458 4570.821 1279.721
4200.217 4583.942 1327.841
4152.047 4584.706 1375.247
4119.909 4580.214 1411.876
4095.510 4573.577 1442.913
4076.197 4565.751 1470.052
4063.177 4558.821 1490.002
4052.816 4551.980 1507.204
4046.239 4546.878 1518.884
4041.550 4542.741 1527.710
4038.144 4539.475 1534.381
4035.650 4536.863 1539.487
4033.825 4534.850 1543.325
4032.508 4533.322 1546.170
4031.619 4532.255 1548.126
4031.039 4531.541 1549.420
4030.630 4531.021 1550.349
4030.332 4530.644 1551.024
